0991840260
0594682610
0583152941
0562435982
0594890758
0588502866
0588780637
0581856411
0596173231
0567626460
0587082957
0585187802
0567176302
0925177053
0587456999
0562998634
0595997096
0583244111
0591649358
0597687617
0927513916
0592707667
0583869066
0567327357
0581371128
0583015296
0584422639
0925655367
0991379760
0925779818
0992652435
0589461013
0569994377
0926457495
0597297797
0582564536
0561778495
0587544697
0924314557
0583337871
0592237097
0926318589
0583940424
0586377268
0925796604
0992710947
0595295792
0589049053
0593596715
0561169968
0599230161
0594049798
0583571584
0592781730
0561656908
0593401498
0923466262
0996875768
0596325574
0565912605
0582504525
0925193669
0563024122
0569743010
0569527097
0926226126
0591035241
0593474387
0581579903
0591718030
0566657672
0584778366
0584285404
0567636023
0591902434
0594854775
0925517309
0993486926
0584255643
0928701768
0927723825
0568021127
0564642483
0598436290
0564519540
0594329970
0593668107
0586632665
0566873088
0926479599
0928908545
0928742175
0569985051
0561168155
0991700339
0924068657
0926311760
0568799692
0995230183
0997245049
0997679477
0597505596
0592512951
0992605937
0569741535
0567775126
0585897705
0584855870
0582158191
0563076317
0594376028
0929194629
0925349406
0586903270
0563923911
0929684508
0562551367
0924857404
0994909840
0924351822
0999985707
0595832023
0591573144
0586179038
0926764144
0997237063
0998995984
0991829301
0592992139
0586653956
0922488242
0922307806
0564664285
0569729251
0581118247
0591114963
0999492691
0563072566
0592575660
0992904536
0563845793
0588748158
0565848294
0994100116
0921797652
0993951811
0591804033
0598831150
0995939634
0921425261
0563854759
0597808595
0921407058
0992988507
0593658599
0565604150
0593662930
0928399492
0564704597
0596651050
0582930410
0593754031
0924635442
0586597161
0589454324
0999039420
0924173570
0582684485
0995884799
0564600731
0594556893
0587442021
0927718258
0599267059
0569225047
0588979599
0563703130
0925046346
0566696170
0589717747
0567495164
0568043938
0923994495
0587889307
0588353000
0565787245
0598049655
0567566825
0594434721
0585826520
0562452691
0568647865
0593438517
0585933412
0991759717
0588916319
0925104579
0993157029
0587503430